Pycnococcus provasolii	131567	2759	33090	3041	3152	41878	41879	41880
Pavlova gyrans	131567	2759	2830	73026	418969	2831	44452
Craspedostauros australis	131567	2759	33634	2836	33849	33850	38748	67474	1486916	1486917
Pterosperma	131567	2759	33090	3041	3152	38834	38835
Pseudo-nitzschia delicatissima	131567	2759	33634	2836	33849	33850	33851	33852	41953	44447
Chaetoceros sp.	131567	2759	33634	2836	33836	420266	265576	49236	49237	1082658	49240
Skeletonema marinoi	131567	2759	33634	2836	33836	33846	33847	33848	2842	1171708	267567
Climacostomum virens	131567	2759	33630	5878	431837	194287	5957	219173	49979	49980
Micromonas	131567	2759	33090	3041	3152	1035538	13792	41873	38832
Elphidium margaritaceum	131567	2759	543769	29178	29185	29186	29187	933848
Ammonia sp.	131567	2759	543769	29178	29185	203397	69034	29189	43993
Pavlova	131567	2759	2830	73026	418969	2831
Moneuplotes crassus	131567	2759	33630	5878	431838	33829	5934	33831	100127	152459	5936
Symbiodinium sp.	131567	2759	33630	2864	89954	252141	2949	2950
Gephyrocapsa oceanica	131567	2759	2830	73020	418966	38816	38817
Bigelowiella longifila	131567	2759	543769	136419	29197	227085	552665
Bigelowiella natans	131567	2759	543769	136419	29197	227085	227086
Hemiselmis rufescens	131567	2759	3027	589350	589351	77924	77926
Hemiselmis virescens	131567	2759	3027	589350	589351	77924	77927
Hemiselmis tepida	131567	2759	3027	589350	589351	77924	464990
Stauroneis constricta	131567	2759	33634	2836	33849	33850	38748	265582	265583	265584
Fabrea salina	131567	2759	33630	5878	431837	194287	5957	1502944	342562	342563
Florenciella parvula	131567	2759	33634	39119	590977	236786	236787
Fibrocapsa japonica	131567	2759	33634	38410	658125	658124	94616	94617
Pelagodinium beii	131567	2759	33630	2864	89954	89955	766107	43686
Chlamydomonas	131567	2759	33090	3041	3166	3042	3051	3052
Synedropsis cf. recta	131567	2759	33634	2836	33853	33854	33855	33856	186019	265551
Triceratium dubium	131567	2759	33634	2836	589449	33837	232508	210587	1003065	1003142
Dictyocha speculum	131567	2759	33634	39119	35685	35686	35687
Helicotheca tamesis	131567	2759	33634	2836	589449	420270	420271	49247	374046	374047
Chrysoreinhardia	131567	2759	33634	35675	45651	1649285	1104430
Phaeocystis	131567	2759	2830	418919	418920	33656
Emiliania huxleyi	131567	2759	2830	73020	418966	2902	2903
Pleurochrysis carterae	131567	2759	2830	418917	418918	13220	13221
Isochrysis sp.	131567	2759	2830	73020	418951	37098	2039259	40639
Dunaliella tertiolecta	131567	2759	33090	3041	3166	3042	3043	3044	3047
Neobodo designis	131567	2759	33682	5653	5708	312470	312471
Paraphysomonas vestita	131567	2759	33634	2825	96792	36768	36769	36770
Cafeteria	131567	2759	33634	33651	238884	33652
Cryptomonas curvata	131567	2759	3027	589350	2896	3030	233186
Proteomonas sulcata	131567	2759	3027	589342	589343	96335	77928
Hanusia phi	131567	2759	3027	589342	589343	179400	3032
Rhodomonas salina	131567	2759	3027	589342	589344	37096	52970
Hemiselmis andersenii	131567	2759	3027	589350	589351	77924	464988
Lingulodinium polyedrum	131567	2759	33630	2864	40984	160620	160621
Karlodinium veneficum	131567	2759	33630	2864	2953	1003176	157684	407301
Chattonella subsalsa	131567	2759	33634	38410	658125	658124	44439	44440
Thalassiosira weissflogii	131567	2759	33634	2836	33836	33846	33847	29202	35127	67004
Tetraselmis striata	131567	2759	33090	3041	1524962	35426	35429	3164	3165
Proboscia inermis	131567	2759	33634	2836	33836	33843	33844	33845	216776	420281
Geminigera cryophila	131567	2759	3027	589342	589343	46946	46947
Dinophysis acuminata	131567	2759	33630	2864	447211	47932	47933	47934
Pyrodinium bahamense	131567	2759	33630	2864	40984	1129376	73914	73915
Amoebophrya sp.	131567	2759	33630	2864	88547	88548	88551	88552
Gymnodinium catenatum	131567	2759	33630	2864	2953	66801	2955	39447
Percolomonas cosmopolitus	131567	2759	5752	63593	63604	63605
Chaetoceros neogracilis	131567	2759	33634	2836	33836	420266	265576	49236	49237	240364
Tryblionella compressa	131567	2759	33634	2836	33849	33850	33851	33852	913972	913974
Thalassiosira minuscula	131567	2759	33634	2836	33836	33846	33847	29202	35127	385413
Fragilariopsis kerguelensis	131567	2759	33634	2836	33849	33850	33851	33852	186035	186038
Amphiprora	131567	2759	33634	2836	33849	33850	38748	265535	265536
Chaetoceros curvisetus	131567	2759	33634	2836	33836	420266	265576	49236	49237	230516
Tetraselmis chuii	131567	2759	33090	3041	1524962	35426	35429	3164	63592
Rhodomonas lens	131567	2759	3027	589342	589344	37096	354590
Tiarina fusa	131567	2759	33630	5878	431838	6000	6001	6002	693139	693140
Oxyrrhis marina	131567	2759	33630	2864	1239064	174810	2968	2969
Strombidinopsis	131567	2759	33630	5878	431838	33829	141411	200605	141412	141413
Stygamoeba regulata	131567	2759	554915	555280	1485089	373141	1042828
Stereomyxa ramosa	131567	2759	554915	1078863	1078864
Sexangularia sp. CB-2014	131567	2759	554915	555369	318493	498009	1486928	1486929
Pessonella	131567	2759	554915	555280	1485085	95227	498007
Mayorella	131567	2759	554915	555280	1485168	1485169	242540
Filamoeba nolandi	131567	2759	554915	555369	180229	136448	136451	136452
Trichosphaerium	131567	2759	554915	555280	1485085	498011
Amphidinium carterae	131567	2759	33630	2864	2953	66801	2960	2961
Crypthecodinium cohnii	131567	2759	33630	2864	40984	39452	2865	2866
Amphora coffeiformis	131567	2759	33634	2836	33849	33850	216758	59795	59796	265554
Rhodosorus marinus	131567	2759	2763	446134	282338	446133	101923	101924
Rhodella violacea	131567	2759	2763	661027	661028	661029	2800	2801
Porphyridium aerugineum	131567	2759	2763	2797	2798	2799	2791	2792
Compsopogon caeruleus	131567	2759	2763	930023	930024	31352	31353	31354
Gloeochaete wittrockiana	131567	2759	38254	38262	38266	38268	38269
Heterosigma akashiwo	131567	2759	33634	38410	658125	658124	2828	2829
Chromera velia	131567	2759	33630	877183	505692	505693
Alveolata	131567	2759	33630
Scrippsiella trochoidea	131567	2759	33630	2864	2910	1691972	54902	71861
Prorocentrum minimum	131567	2759	33630	2864	2942	2943	2944	39449
Prorocentrum micans	131567	2759	33630	2864	2942	2943	2944	2945
Debaryomyces hansenii	131567	2759	33154	4751	451864	4890	716545	147537	4891	4892	766764	4958	4959
Pyrocystis lunula	131567	2759	33630	2864	2970	1573500	2971	2972
Protoceratium reticulatum	131567	2759	33630	2864	40984	33834	133426	133427
Togula jolla	131567	2759	33630	2864	2953	66801	285028	285029
Alexandrium fundyense	131567	2759	33630	2864	40984	33834	2924	2932
Sorites sp.	131567	2759	543769	29178	1216353	29179	46128	295070	87143	126664
Rosalina	131567	2759	543769	29178	29185	69038	313275	37353
Vannella sp. CB-2014	131567	2759	554915	555280	1485085	95227	95228	325087	1487602
Trieres chinensis	131567	2759	33634	2836	589449	33837	232508	210587	1529381	1514140
Prymnesium polylepis	131567	2759	2830	73028	418967	35143	72548
Symbiodinium kawagutii	131567	2759	33630	2864	89954	252141	2949	104179
Platyophrya macrostoma	131567	2759	33630	5878	431838	5977	88560	767765	88562	938130
Aristerostoma	131567	2759	33630	5878	431838	6020	35094	333946	485356
Goniomonas pacifica	131567	2759	3027	589350	31323	31324	195067
Acanthoeca	131567	2759	33154	28009	1924739	28010	81532
Paraphysomonas imperforata	131567	2759	33634	2825	96792	36768	36769	37642
Pteridomonas danica	131567	2759	33634	39119	35680	38821	38822
Alexandrium monilatum	131567	2759	33630	2864	40984	33834	2924	311494
Chaetoceros affinis	131567	2759	33634	2836	33836	420266	265576	49236	49237	426623
uncultured eukaryote	131567	2759	61964	100272
Chroomonas cf. mesostigmatica	131567	2759	3027	589342	589345	3028	478117
Guillardia theta	131567	2759	3027	589342	589343	55528	55529
Lotharella oceanica	131567	2759	543769	136419	29197	74819	641309
Eutreptiella gymnastica	131567	2759	33682	3035	86652	73024	73025
Cryptomonas paramecium	131567	2759	3027	589350	2896	3030	2898
Nephroselmis pyriformis	131567	2759	33090	3041	3152	1242998	31311	156128
Karenia brevis	131567	2759	33630	2864	2953	1003176	156229	156230
Heterocapsa rotundata	131567	2759	33630	2864	2910	66802	2918	89963
Pseudokeronopsis	131567	2759	33630	5878	431838	33829	194286	486728	311384	311385
Pseudo-nitzschia heimii	131567	2759	33634	2836	33849	33850	33851	33852	41953	476441
Thalassiosira rotula	131567	2759	33634	2836	33836	33846	33847	29202	35127	49265
Strombidinopsis acuminata	131567	2759	33630	5878	431838	33829	141411	200605	141412	141413	141414
Favella ehrenbergii	131567	2759	33630	5878	431838	33829	141411	200604	211023	182086	182087
Thalassiosira gravida	131567	2759	33634	2836	33836	33846	33847	29202	35127	420259
Asterionellopsis glacialis	131567	2759	33634	2836	33853	33854	33855	33856	33639	33640
Thalassionema nitzschioides	131567	2759	33634	2836	33853	33854	426665	38755	33648	33649
Dactyliosolen fragilissimus	131567	2759	33634	2836	33836	33843	33844	33845	1118494	1118495
Pseudo-nitzschia arenysensis	131567	2759	33634	2836	33849	33850	33851	33852	41953	697910
Brandtodinium nutricula	131567	2759	33630	2864	2910	1333875	1482939	1333877
Skeletonema dohrnii	131567	2759	33634	2836	33836	33846	33847	33848	2842	1171708	267566
Neoceratium fusus	131567	2759	33630	2864	40984	39451	665866	2916
Minchinia chitonis	131567	2759	543769	136419	1871466	31291	31294	38078	262233
Striatella unipunctata	131567	2759	33634	2836	33853	33854	426672	210450	210617	210618
Pseudo-nitzschia australis	131567	2759	33634	2836	33849	33850	33851	33852	41953	44445
Leptocylindrus aporus	131567	2759	33634	2836	33836	420266	163513	163514	163515	1398097
Paramoeba aestuarina	131567	2759	554915	555280	1485085	555392	200887	200890	180227
Pseudo-nitzschia pungens	131567	2759	33634	2836	33849	33850	33851	33852	41953	37318
Bicosoecida sp. CB-2014	131567	2759	33634	33651	301234	1486930
Goniomonas	131567	2759	3027	589350	31323	31324
Odontella aurita	131567	2759	33634	2836	589449	33837	33838	33839	2838	265563
Blepharisma japonicum	131567	2759	33630	5878	431837	194287	5957	219171	5959	5961
Leptocylindrus danicus	131567	2759	33634	2836	33836	420266	163513	163514	163515	163516
Lankesteria abbotti	131567	2759	33630	5794	1280412	35086	35087	158377	340203	340204
Schmidingerella taraikaensis	131567	2759	33630	5878	431838	33829	141411	200604	211026	1229733	626734
Thalassiosira	131567	2759	33634	2836	33836	33846	33847	29202	35127
Minutocellus polymorphus	131567	2759	33634	2836	589449	420265	420262	49244	265542	265543
Lotharella globosa	131567	2759	543769	136419	29197	74819	91324
Pseudo-nitzschia fraudulenta	131567	2759	33634	2836	33849	33850	33851	33852	41953	183588
Cylindrotheca closterium	131567	2759	33634	2836	33849	33850	33851	33852	2852	2856
Paramoeba atlantica	131567	2759	554915	555280	1485085	555392	200887	200890	1077153
Micromonas pusilla	131567	2759	33090	3041	3152	1035538	13792	41873	38832	38833
Chaetoceros cf. neogracilis	131567	2759	33634	2836	33836	420266	265576	49236	49237	1048532
Cyclophora tenuis	131567	2759	33634	2836	33853	33854	216817	216818	216819	216820
Vexillifera	131567	2759	554915	555280	1485085	555392	180225	218659
Vannella	131567	2759	554915	555280	1485085	95227	95228
Strombidium rassoulzadegani	131567	2759	33630	5878	431838	33829	211030	60004	60005	1082188
Thraustochytrium sp.	131567	2759	33634	35131	33674	4774	1299920	145168
Ostreococcus mediterraneus	131567	2759	33090	3041	3152	1035538	13792	1525212	70447	1486918
Bathycoccus prasinos	131567	2759	33090	3041	3152	1035538	13792	1525212	41874	41875
Prymnesium parvum	131567	2759	2830	73028	418967	35143	97485
Ostreococcus 'lucimarinus'	131567	2759	33090	3041	3152	1035538	13792	1525212	70447	242159
Thalassiothrix antarctica	131567	2759	33634	2836	33853	33854	426665	38755	515469	1049557
Corethron pennatum	131567	2759	33634	2836	33836	420268	420269	49241	49242	218684
Ditylum brightwellii	131567	2759	33634	2836	589449	420270	420271	49247	49248	49249
Aplanochytrium stocchinoi	131567	2759	33634	35131	33674	87110	215587
Bolidomonas	131567	2759	33634	91989	91990
Scrippsiella hangoei	131567	2759	33630	2864	2910	1691972	54902	268821
Astrosyne radiata	131567	2759	33634	2836	33853	33854	216817	216818	1246681	1158023
Proboscia alata	131567	2759	33634	2836	33836	33843	33844	33845	216776	216777
Skeletonema costatum	131567	2759	33634	2836	33836	33846	33847	33848	2842	2843
Aplanochytrium	131567	2759	33634	35131	33674	87110
Sarcinochrysis	131567	2759	33634	35675	45651	1649285	54406
Chrysocystis fragilis	131567	2759	33634	35675	45651	1649285	284809	1411660
Florenciella	131567	2759	33634	39119	590977	236786
Vaucheria litorea	131567	2759	33634	569578	2833	2974	2975	2976	109269
Azadinium spinosum	131567	2759	33630	2864	40984	1123714	632149	632150
Gambierdiscus australes	131567	2759	33630	2864	40984	1129376	373097	439317
Condylostoma magnum	131567	2759	33630	5878	431837	194287	5957	219172	40632	40633
Palpitomonas bilix	131567	2759	42452	759891	652834
Rhodomonas abbreviata	131567	2759	3027	589342	589344	37096	46948
Phaeocystis antarctica	131567	2759	2830	418919	418920	33656	33657
Thalassiosira punctigera	131567	2759	33634	2836	33836	33846	33847	29202	35127	265564
Staurosira	131567	2759	33634	2836	33853	33854	33855	33856	210615
Picochlorum	131567	2759	33090	3041	75966	75981	249344
Pelagomonas calceolata	131567	2759	33634	35675	54409	35676	35677
Imantonia	131567	2759	2830	73028	418967	97494
Madagascaria erythrocladioides	131567	2759	2763	930023	31351	240428	753683	753684
Anophryoides haemophila	131567	2759	33630	5878	431838	6020	35094	198613	106394	46461	46462
Chaetoceros debilis	131567	2759	33634	2836	33836	420266	265576	49236	49237	122233
Peridinium aciculiferum	131567	2759	33630	2864	2910	66803	2867	268820
Mallomonas	131567	2759	33634	33859	420622	420617	2988
Stichococcus	131567	2759	33090	3041	75966	42111	29646
Coscinodiscus wailesii	131567	2759	33634	2836	33836	33840	216785	38747	33641	671091
Mesodinium pulex	131567	2759	33630	5878	431838	5988	197905	197907	283645	283646	283647
Erythrolobus madagascarensis	131567	2759	2763	2797	2798	2799	362234	708628
Licmophora paradoxa	131567	2759	33634	2836	33853	33854	210596	210597	515479
Skeletonema japonicum	131567	2759	33634	2836	33836	33846	33847	33848	2842	267983
Perkinsus chesapeaki	131567	2759	33630	27997	27998	27999	28000	330153
Vitrella brassicaformis	131567	2759	33630	877183	1169538	1169539
Gyrodinium dominans	131567	2759	33630	2864	2953	66801	60594	285985
Lessardia elongata	131567	2759	33630	2864	2910	210731	210732	210733
Erythrolobus australicus	131567	2759	2763	2797	2798	2799	362234	1077150
Scyphosphaera apsteinii	131567	2759	2830	73027	418939	418940
Thalassiosira antarctica	131567	2759	33634	2836	33836	33846	33847	29202	35127	160265
Euplotes harpa	131567	2759	33630	5878	431838	33829	5934	33831	100127	5935	151035
Calcidiscus leptoporus	131567	2759	2830	418917	418931	127548	127549
Litonotus pictus	131567	2759	33630	5878	431838	5988	197905	197906	197908	346246	665100
Picocystis salinarum	131567	2759	33090	3041	3152	1541723	88270	88271
Mantoniella antarctica	131567	2759	33090	3041	3152	1035538	13792	41873	13607	81844
Partenskyella glossopodia	131567	2759	543769	136419	29197	647365	552666
Geminigera	131567	2759	3027	589342	589343	46946
Chrysoculter rhomboideus	131567	2759	2830	1538618	259384	259385
Pycnococcus	131567	2759	33090	3041	3152	41878	41879
Pyramimonas sp.	131567	2759	33090	3041	3152	38834	36882	36898
Attheya septentrionalis	131567	2759	33634	2836	33836	420266	265576	265577	265578	420275
Aureococcus anophagefferens	131567	2759	33634	35675	54409	44055	44056
Polarella glacialis	131567	2759	33630	2864	89954	89955	89956	89957
Entomoneis sp.	131567	2759	33634	2836	33849	33850	186041	186042	186043
Timspurckia oligopyrenoides	131567	2759	2763	2797	2798	2799	983317	708627
Strombidium inclinatum	131567	2759	33630	5878	431838	33829	211030	60004	60005	197538
Nitzschia	131567	2759	33634	2836	33849	33850	33851	33852	2857
Ochromonas	131567	2759	33634	2825	96792	98651	2985
Chaetoceros dichaeta	131567	2759	33634	2836	33836	420266	265576	49236	49237	420782
Alexandrium andersonii	131567	2759	33630	2864	40984	33834	2924	327968
Myrionecta rubra	131567	2759	33630	5878	431838	5988	197905	197907	283645	283648	283649
Protocruzia adherens	131567	2759	33630	5878	431838	33829	194288	49977	223996
Skeletonema grethae	131567	2759	33634	2836	33836	33846	33847	33848	2842	267565
Crustomastix stigmatica	131567	2759	33090	3041	3152	1035538	1525213	1525216	195966	195967
Paraphysomonas bandaiensis	131567	2759	33634	2825	96792	36768	36769	89770
Thalassionema frauenfeldii	131567	2759	33634	2836	33853	33854	426665	38755	33648	186022
Bolidomonas pacifica	131567	2759	33634	91989	91990	91992
Aurantiochytrium limacinum	131567	2759	33634	35131	33674	420535	87102
Dolichomastix tenuilepis	131567	2759	33090	3041	3152	1035538	1525213	1525217	195968	195969
Noctiluca scintillans	131567	2759	33630	2864	2964	66804	2965	2966
Gymnochlora	131567	2759	543769	136419	29197	67808
Rhizosolenia setigera	131567	2759	33634	2836	33836	33843	33844	33845	3004	3005
Perkinsus marinus	131567	2759	33630	27997	27998	27999	28000	31276
Norrisiella sphaerica	131567	2759	543769	136419	29197	552663	552664
Aureoumbra lagunensis	131567	2759	33634	35675	54409	44057	44058
Prorocentrum lima	131567	2759	33630	2864	2942	2943	2944	39448
Phaeocystis cordata	131567	2759	2830	418919	418920	33656	118079
Eucampia antarctica	131567	2759	33634	2836	589449	33837	420267	49250	49251	49252
Mantoniella	131567	2759	33090	3041	3152	1035538	13792	41873	13607
Phaeomonas parva	131567	2759	33634	157124	1004267	1004268	124429	124430
Pinguiococcus pyrenoidosus	131567	2759	33634	157124	1004267	1004268	172670	172671
Chrysochromulina rotalis	131567	2759	2830	73028	1136790	35140	412157
Cafeteria roenbergensis	131567	2759	33634	33651	238884	33652	33653
Synchroma pusillum	131567	2759	33634	557229	1181712	1181717
Amorphochlora amoebiformis	131567	2759	543769	136419	29197	1561962	1561963
Cyanoptyche gloeocystis	131567	2759	38254	77921	77922
Alexandrium margalefii	131567	2759	33630	2864	40984	33834	2924	109239
Pseudopedinella elastica	131567	2759	33634	39119	35680	35683	35684
Alexandrium catenella	131567	2759	33630	2864	40984	33834	2924	2925
Euplotes focardii	131567	2759	33630	5878	431838	33829	5934	33831	100127	5935	36767
Alexandrium minutum	131567	2759	33630	2864	40984	33834	2924	39455
Aulacoseira subarctica	131567	2759	33634	2836	33836	33840	49232	49233	202472
Amphidinium massartii	131567	2759	33630	2864	2953	66801	2960	160604
Gonyaulax spinifera	131567	2759	33630	2864	40984	33834	2912	66791
Prasinoderma coloniale	131567	2759	33090	3041	3152	485343	156132	156133
Uronema	131567	2759	33630	5878	431838	6020	35094	198613	35105	35106
Heterocapsa arctica	131567	2759	33630	2864	2910	66802	2918	192219
Haptolina ericina	131567	2759	2830	73028	418967	1090112	156174
Kryptoperidinium foliaceum	131567	2759	33630	2864	2910	66803	160618	160619
Corethron hystrix	131567	2759	33634	2836	33836	420268	420269	49241	49242	216773
Rhodopseudomonas	131567	2	1224	28211	356	41294	1073
Skeletonema menzellii	131567	2759	33634	2836	33836	33846	33847	33848	2842	216823
Rhizochromulina marina	131567	2759	33634	39119	590978	35673	1034831
Isochrysis	131567	2759	2830	73020	418951	37098
Prasinococcus capsulatus	131567	2759	33090	3041	3152	485343	110669	156131
Stephanopyxis turris	131567	2759	33634	2836	33836	33840	33841	33842	3006	515487
Thoracosphaera heimii	131567	2759	33630	2864	2910	1691972	2922	2923
Heterocapsa triquetra	131567	2759	33630	2864	2910	66802	2918	66468
Chaetoceros brevis	131567	2759	33634	2836	33836	420266	265576	49236	49237	426625
Grammatophora oceanica	131567	2759	33634	2836	33853	33854	426672	1543679	210452	210454
Chromulina nebulosa	131567	2759	33634	2825	96792	98651	2997	96789
Cyclotella meneghiniana	131567	2759	33634	2836	33836	33846	33847	1365474	29203	29205
Durinskia baltica	131567	2759	33630	2864	2910	66803	400754	400756
Dinobryon	131567	2759	33634	2825	96792	704141	98059
Pelagococcus subviridis	131567	2759	33634	35675	54409	35678	35679
Spumella elongata	131567	2759	33634	2825	96792	98651	89043	89044
Exanthemachrysis gayraliae	131567	2759	2830	73026	418969	119496	119497
Tetraselmis astigmatica	131567	2759	33090	3041	1524962	35426	35429	3164	1074897
Extubocellulus spinifer	131567	2759	33634	2836	589449	420265	420262	49244	265571	265572
Chlorarachnion reptans	131567	2759	543769	136419	29197	29198	29199
Pyramimonas parkeae	131567	2759	33090	3041	3152	38834	36882	36894
Schizochytrium aggregatum	131567	2759	33634	35131	33674	4772	4773
Polyblepharides amylifera	131567	2759	33090	3041	3152	38834	1486888	1486889
Haptolina brevifila	131567	2759	2830	73028	418967	1090112	156173
Pyramimonas obovata	131567	2759	33090	3041	3152	38834	36882	1411642
Picochlorum oklahomense	131567	2759	33090	3041	75966	75981	249344	249345
Detonula confervacea	131567	2759	33634	2836	33836	33846	33847	29202	83370	83371
Akashiwo sanguinea	131567	2759	33630	2864	2953	66801	143671	143672
Coccolithus braarudii	131567	2759	2830	418917	418933	97491	221442
Alexandrium tamarense	131567	2759	33630	2864	40984	33834	2924	2926
Amphiprora paludosa	131567	2759	33634	2836	33849	33850	38748	265535	265536	265537
Chlamydomonas euryale	131567	2759	33090	3041	3166	3042	3051	3052	1486919
Pavlova lutheri	131567	2759	2830	73026	418969	2831	2832
Chlamydomonas leiostraca	131567	2759	33090	3041	3166	3042	3051	3052	1034604
Polytomella parva	131567	2759	33090	3041	3166	3042	3051	3049	51329
Chlamydomonas chlamydogama	131567	2759	33090	3041	3166	3042	3051	3052	225041
Isochrysis galbana	131567	2759	2830	73020	418951	37098	37099
Prasinoderma singulare	131567	2759	33090	3041	3152	485343	156132	676789
